dx = 0.269981 dy = 0.269981 dt = 0.002 \delta k = 0.030303
=======================================================
0    0
0.030303    15.1059
0.0606061    10.9265
0.0909091    13.203
0.121212    5.21597
0.151515    6.24844
0.181818    1.64676
0.212121    2.24187
0.242424    1.71475
0.272727    0.676162
0.30303    0.513372
0.333333    0.29143
0.363636    0.232028
0.393939    0.133993
0.424242    0.110545
0.454545    0.0607926
0.484848    0.0500223
0.515152    0.0450641
0.545455    0.0340477
0.575758    0.03826
0.606061    0.0216338
0.636364    0.0186987
0.666667    0.0181977
0.69697    0.0113295
0.727273    0.00899588
0.757576    0.00845313
0.787879    0.00821077
0.818182    0.00700316
0.848485    0.00526185
0.878788    0.00492996
0.909091    0.00402641
0.939394    0.00355114
0.969697    0.00321036
1    0.00290518
1.0303    0.00237868
1.06061    0.00169102
1.09091    0.0018493
1.12121    0.00149737
1.15152    0.00146109
1.18182    0.00125459
1.21212    0.00100931
1.24242    0.000907715
1.27273    0.000853696
1.30303    0.000821451
1.33333    0.000712382
1.36364    0.00055732
1.39394    0.000592341
1.42424    0.000584578
1.45455    0.000371384
1.48485    0.000441503
1.51515    0.000369391
1.54545    0.000336339
1.57576    0.000324404
1.60606    0.000262005
1.63636    0.000239485
1.66667    0.00024897
1.69697    0.000216433
1.72727    0.000220772
1.75758    0.000180564
1.78788    0.000158157
1.81818    0.000144969
1.84848    0.000148512
1.87879    0.000117457
1.90909    0.000127252
1.93939    9.40751e-05
1.9697    9.94197e-05
2    8.96787e-05
2.0303    7.65605e-05
2.06061    8.82992e-05
2.09091    7.60601e-05
2.12121    6.06231e-05
2.15152    6.7136e-05
2.18182    5.75937e-05
2.21212    5.2339e-05
2.24242    4.7094e-05
2.27273    3.99116e-05
2.30303    3.84623e-05
2.33333    3.30341e-05
2.36364    3.2584e-05
2.39394    3.33319e-05
2.42424    3.1238e-05
2.45455    3.04768e-05
2.48485    2.68012e-05
2.51515    2.62939e-05
2.54545    2.28702e-05
2.57576    2.43897e-05
2.60606    2.17652e-05
2.63636    1.93038e-05
2.66667    1.6085e-05
2.69697    1.65007e-05
2.72727    1.54023e-05
2.75758    1.42223e-05
2.78788    1.26571e-05
2.81818    1.42008e-05
2.84848    1.12972e-05
2.87879    1.12905e-05
2.90909    1.13466e-05
2.93939    9.9316e-06
2.9697    8.90585e-06
3    8.46529e-06
3.0303    7.60484e-06
3.06061    7.04986e-06
3.09091    6.9454e-06
3.12121    6.46615e-06
3.15152    5.92769e-06
3.18182    6.21452e-06
3.21212    5.50723e-06
3.24242    5.17626e-06
3.27273    4.75828e-06
3.30303    4.42744e-06
3.33333    4.57487e-06
3.36364    4.0033e-06
3.39394    4.10681e-06
3.42424    3.39196e-06
3.45455    3.39106e-06
3.48485    3.14033e-06
3.51515    2.68941e-06
3.54545    2.85803e-06
3.57576    2.48366e-06
3.60606    2.68485e-06
3.63636    2.35182e-06
3.66667    1.94922e-06
3.69697    2.38793e-06
3.72727    2.09488e-06
3.75758    1.87199e-06
3.78788    1.79194e-06
3.81818    1.48453e-06
3.84848    1.62284e-06
3.87879    1.40181e-06
3.90909    1.3791e-06
3.93939    1.33886e-06
3.9697    1.28735e-06
4    1.3105e-06
4.0303    1.17279e-06
4.06061    1.02803e-06
4.09091    1.08688e-06
4.12121    9.65955e-07
4.15152    8.65509e-07
4.18182    8.11041e-07
4.21212    7.54296e-07
4.24242    7.73717e-07
4.27273    6.80912e-07
4.30303    7.00421e-07
4.33333    6.26161e-07
4.36364    6.25847e-07
4.39394    6.12974e-07
4.42424    5.71568e-07
4.45455    5.08944e-07
4.48485    5.3805e-07
4.51515    4.86734e-07
4.54545    4.16128e-07
4.57576    4.11676e-07
4.60606    3.95006e-07
4.63636    3.60944e-07
4.66667    3.88441e-07
4.69697    3.26949e-07
4.72727    3.13816e-07
4.75758    3.1789e-07
4.78788    2.92372e-07
4.81818    2.73578e-07
4.84848    2.81898e-07
4.87879    2.68137e-07
4.90909    2.35292e-07
4.93939    2.17289e-07
4.9697    2.07957e-07
5    2.02576e-07
5.0303    1.8927e-07
5.06061    1.77766e-07
5.09091    1.82465e-07
5.12121    1.65191e-07
5.15152    1.70701e-07
5.18182    1.54874e-07
5.21212    1.47644e-07
5.24242    1.4465e-07
5.27273    1.31809e-07
5.30303    1.17891e-07
5.33333    1.11364e-07
5.36364    1.10205e-07
5.39394    1.03593e-07
5.42424    1.02027e-07
5.45455    1.00239e-07
