dx = 0.269981 dy = 0.269981 dt = 0.002 \delta k = 0.030303
=======================================================
0    0
0.030303    88.7046
0.0606061    37.8372
0.0909091    16.5915
0.121212    7.38123
0.151515    5.908
0.181818    2.23422
0.212121    1.7112
0.242424    1.25719
0.272727    1.0137
0.30303    0.519267
0.333333    0.319464
0.363636    0.256906
0.393939    0.170369
0.424242    0.096619
0.454545    0.0914419
0.484848    0.06806
0.515152    0.0588216
0.545455    0.0373525
0.575758    0.0309697
0.606061    0.0196937
0.636364    0.0195911
0.666667    0.0136439
0.69697    0.0134625
0.727273    0.0107752
0.757576    0.0082579
0.787879    0.00795932
0.818182    0.00686017
0.848485    0.00499695
0.878788    0.00630894
0.909091    0.00433066
0.939394    0.00412824
0.969697    0.00348344
1    0.00297103
1.0303    0.00231829
1.06061    0.00157809
1.09091    0.00185676
1.12121    0.0014671
1.15152    0.00133006
1.18182    0.00122231
1.21212    0.000965538
1.24242    0.000995062
1.27273    0.000708583
1.30303    0.00075048
1.33333    0.000666969
1.36364    0.000601743
1.39394    0.000573632
1.42424    0.000443633
1.45455    0.000451875
1.48485    0.000424285
1.51515    0.000392982
1.54545    0.000369299
1.57576    0.000324954
1.60606    0.000253695
1.63636    0.000250353
1.66667    0.000226568
1.69697    0.000210442
1.72727    0.000178661
1.75758    0.000171877
1.78788    0.000165777
1.81818    0.000146453
1.84848    0.000122843
1.87879    0.000119005
1.90909    0.000103084
1.93939    0.000102058
1.9697    9.41166e-05
2    8.45667e-05
2.0303    7.4172e-05
2.06061    6.94847e-05
2.09091    6.42352e-05
2.12121    6.0995e-05
2.15152    5.17871e-05
2.18182    5.29762e-05
2.21212    4.96431e-05
2.24242    4.45518e-05
2.27273    4.31735e-05
2.30303    3.77504e-05
2.33333    3.62743e-05
2.36364    3.27507e-05
2.39394    2.91358e-05
2.42424    2.88109e-05
2.45455    2.48675e-05
2.48485    2.67529e-05
2.51515    2.42554e-05
2.54545    2.20011e-05
2.57576    2.05375e-05
2.60606    1.85251e-05
2.63636    1.76469e-05
2.66667    1.57983e-05
2.69697    1.49606e-05
2.72727    1.25926e-05
2.75758    1.19087e-05
2.78788    1.14861e-05
2.81818    1.06937e-05
2.84848    1.02954e-05
2.87879    9.67797e-06
2.90909    8.84578e-06
2.93939    8.69839e-06
2.9697    7.79224e-06
3    7.80819e-06
3.0303    7.34406e-06
3.06061    6.97232e-06
3.09091    6.58761e-06
3.12121    5.79997e-06
3.15152    5.94186e-06
3.18182    4.94993e-06
3.21212    4.85986e-06
3.24242    4.40457e-06
3.27273    4.4539e-06
3.30303    3.88415e-06
3.33333    3.58781e-06
3.36364    3.68385e-06
3.39394    3.18528e-06
3.42424    3.11105e-06
3.45455    2.91185e-06
3.48485    2.75558e-06
3.51515    2.70456e-06
3.54545    2.44188e-06
3.57576    2.41216e-06
3.60606    2.1484e-06
3.63636    2.11857e-06
3.66667    1.85789e-06
3.69697    1.73247e-06
3.72727    1.75601e-06
3.75758    1.42173e-06
3.78788    1.6107e-06
3.81818    1.25014e-06
3.84848    1.33395e-06
3.87879    1.28025e-06
3.90909    1.27602e-06
3.93939    1.1492e-06
3.9697    1.12119e-06
4    1.13158e-06
4.0303    1.02378e-06
4.06061    9.12353e-07
4.09091    8.96267e-07
4.12121    7.52334e-07
4.15152    8.07667e-07
4.18182    7.30483e-07
4.21212    6.68689e-07
4.24242    6.26795e-07
4.27273    5.90057e-07
4.30303    5.52515e-07
4.33333    5.0556e-07
4.36364    5.17582e-07
4.39394    4.90534e-07
4.42424    4.68692e-07
4.45455    4.40596e-07
4.48485    4.4873e-07
4.51515    3.82194e-07
4.54545    3.85183e-07
4.57576    3.59117e-07
4.60606    3.44968e-07
4.63636    3.26153e-07
4.66667    3.03808e-07
4.69697    2.87324e-07
4.72727    2.69411e-07
4.75758    2.55807e-07
4.78788    2.27166e-07
4.81818    2.19604e-07
4.84848    2.26254e-07
4.87879    2.10499e-07
4.90909    2.00833e-07
4.93939    1.90046e-07
4.9697    1.8381e-07
5    1.66045e-07
5.0303    1.74727e-07
5.06061    1.49514e-07
5.09091    1.47013e-07
5.12121    1.43923e-07
5.15152    1.26352e-07
5.18182    1.23319e-07
5.21212    1.16632e-07
5.24242    1.13381e-07
5.27273    1.0515e-07
5.30303    9.57946e-08
5.33333    1.00204e-07
5.36364    9.02262e-08
5.39394    8.60059e-08
5.42424    8.55966e-08
5.45455    7.37561e-08
