
0   3.15942e-06
4000   0.000148757
8000   0.0202886
12000   1.59826
16000   1.40945
20000   3.55987
24000   3.33587
28000   3.1309
32000   2.58993
36000   3.02095
40000   3.31883
44000   3.06333
48000   2.8217
52000   2.8082
56000   3.31146
60000   3.29736
64000   3.24267
68000   3.29645
72000   3.18075
76000   3.55057
80000   3.41655
84000   3.00577
88000   3.24755
92000   3.25076
96000   3.30819
100000   3.04099
104000   3.46605
108000   3.628
112000   3.66929
116000   3.35093
120000   3.85057
124000   3.5213
128000   3.75981
132000   3.52298
136000   3.74384
140000   3.5664
144000   4.01498
148000   3.7139
152000   3.54535
156000   3.91378
160000   3.84554
164000   3.39383
168000   3.3764
172000   3.49595
176000   3.74355
180000   4.06118
184000   4.05571
188000   3.9981
192000   4.18277
