dx = 0.269981 dy = 0.269981 dt = 0.002
=======================================================
0   9.3246
1000   9.11462
2000   8.75256
3000   8.32633
4000   8.21314
5000   8.2974
6000   8.21215
7000   8.23931
8000   8.31248
9000   8.1139
10000   8.09657
11000   8.03173
12000   7.89736
13000   7.58872
14000   7.4649
15000   7.55225
16000   7.70122
17000   7.81222
18000   7.82391
19000   7.81869
20000   7.72287
21000   7.59705
22000   7.51214
23000   7.52617
24000   7.48113
25000   7.27502
26000   7.02612
27000   6.82725
28000   6.49895
29000   6.18508
30000   5.99044
31000   5.88049
32000   5.8886
33000   5.99439
34000   6.01738
35000   6.04221
36000   5.90319
37000   5.7539
38000   5.79706
39000   5.72764
40000   5.65664
41000   5.77445
42000   5.94838
43000   5.88017
44000   5.61027
45000   5.38581
46000   5.2758
47000   5.06484
48000   4.83986
49000   4.88048
50000   5.13824
51000   5.28267
52000   5.20008
53000   5.30258
54000   5.42485
55000   5.65647
56000   5.74841
57000   5.61232
58000   5.4741
59000   5.56694
60000   5.81816
61000   5.9827
62000   6.01389
63000   6.07203
64000   6.18825
65000   6.3376
66000   6.41243
67000   6.30084
68000   6.07526
69000   5.86702
70000   5.67219
71000   5.46887
72000   5.27168
73000   5.05996
74000   4.99131
75000   4.99456
76000   5.06645
77000   5.12177
78000   5.03774
79000   5.00912
80000   5.27142
81000   5.41291
82000   5.24352
83000   5.16843
84000   5.21925
85000   5.1232
86000   5.1099
87000   5.04853
88000   5.11466
89000   5.2858
90000   5.30674
91000   5.18043
92000   5.20204
93000   5.37344
94000   5.42749
95000   5.16272
96000   4.78301
97000   4.77111
98000   4.95473
99000   4.79314
100000   4.61232
101000   4.69158
102000   4.91975
103000   5.02704
104000   5.04108
105000   5.08032
106000   4.9769
107000   4.83328
108000   4.83604
109000   4.95495
110000   4.96182
111000   4.97873
112000   4.82838
113000   4.58374
114000   4.4463
115000   4.35892
116000   4.3092
117000   4.29603
118000   4.27055
119000   4.44859
120000   4.64268
121000   4.72426
122000   4.90188
123000   4.9615
124000   4.95115
125000   4.78152
126000   4.54357
127000   4.41726
128000   4.23963
129000   4.00454
130000   4.12662
131000   4.47639
132000   4.6123
133000   4.61028
134000   4.65795
135000   4.74877
136000   4.70778
137000   4.72723
138000   4.87223
139000   4.86489
140000   4.8001
141000   4.84495
142000   4.9648
143000   4.99684
144000   4.99189
145000   5.02954
146000   5.03268
147000   4.90848
148000   4.71842
149000   4.65573
150000   4.79555
151000   4.94167
152000   4.99979
153000   5.19407
154000   5.44729
155000   5.40731
156000   5.01586
157000   4.81896
158000   4.89566
159000   4.96735
160000   4.73056
161000   4.47945
162000   4.36181
163000   4.31528
164000   4.15814
165000   4.11406
166000   4.33364
167000   4.52816
168000   4.51299
169000   4.31458
170000   4.26404
171000   4.32768
172000   4.43264
173000   4.56791
174000   4.54627
175000   4.46458
176000   4.29587
177000   4.07353
178000   4.0856
179000   4.12701
180000   3.95394
181000   3.81515
182000   3.93238
183000   4.17594
184000   4.43946
185000   4.35794
186000   4.07353
187000   3.91037
188000   3.95122
189000   4.03223
190000   3.92866
191000   3.95639
192000   4.02634
193000   3.8629
194000   3.70617
195000   3.7507
196000   3.99841
197000   4.27465
198000   4.31382
199000   4.21412
200000   4.13673
201000   4.07628
202000   4.09576
203000   4.37022
204000   4.50042
205000   4.4568
206000   4.55658
207000   4.61591
208000   4.68915
209000   4.85885
