dx = 0.269981 dy = 0.269981 dt = 0.002
=======================================================
0   3.67087
4000   4.39459
8000   3.84773
12000   3.80394
16000   3.78898
20000   4.35631
24000   4.03082
28000   4.12529
32000   4.41418
36000   3.97047
40000   3.9194
44000   4.12015
48000   3.70237
52000   3.20286
56000   3.29849
60000   3.49374
64000   3.55733
68000   3.36226
72000   3.4626
76000   3.30512
80000   3.51154
84000   3.18404
88000   3.36375
92000   3.29333
96000   3.41803
100000   3.36117
104000   3.2982
108000   3.09071
112000   3.22501
116000   3.71117
120000   3.28866
124000   4.00068
128000   3.34981
132000   3.56963
136000   3.35038
140000   3.14818
144000   2.99562
148000   3.09415
152000   3.49116
156000   3.78932
160000   3.55724
164000   3.27591
168000   3.74845
172000   3.35683
176000   3.53544
180000   4.03504
184000   3.58147
188000   3.77796
192000   3.70965
196000   3.39
200000   3.60175
204000   3.17034
208000   3.47994
212000   3.45239
216000   3.23848
220000   3.23438
224000   3.25592
228000   3.35862
232000   3.52501
236000   3.48656
