dx = 0.269981 dy = 0.269981 dt = 0.002
=======================================================
0   3.48663
1000   3.66266
2000   3.56813
3000   3.39436
4000   3.67638
5000   4.13878
6000   4.34197
7000   4.2543
8000   4.13206
9000   4.15561
10000   4.27609
11000   4.34838
12000   4.38984
13000   4.44761
14000   4.5558
15000   4.68809
16000   4.71293
17000   4.76978
18000   4.8583
19000   4.83904
20000   4.63689
21000   4.64409
22000   4.5675
23000   4.40706
24000   4.59883
25000   4.83671
26000   4.94933
27000   5.17078
28000   5.27787
29000   5.38599
30000   5.40174
31000   5.2665
32000   5.0683
33000   5.02513
34000   4.806
35000   4.51024
36000   4.60874
37000   4.88291
38000   5.01221
39000   5.11335
40000   5.24891
41000   5.23127
42000   5.23834
43000   5.45817
44000   5.7065
45000   6.11484
46000   6.36968
47000   6.23766
48000   5.94828
49000   5.76337
50000   5.84356
51000   5.99079
52000   6.11258
53000   5.99705
54000   5.78764
55000   5.8684
56000   6.09902
57000   6.30068
58000   6.39427
59000   6.37983
60000   6.42775
61000   6.6191
62000   6.65176
63000   6.44565
64000   6.33958
65000   6.25578
66000   6.22725
67000   6.26646
68000   6.23457
69000   5.9675
70000   5.7784
71000   5.97027
72000   6.30168
73000   6.38009
74000   6.30826
75000   6.33498
76000   6.47198
77000   6.66978
78000   6.90292
79000   7.00554
80000   6.99352
81000   7.00323
82000   6.97579
83000   6.9486
84000   7.00655
85000   6.86277
86000   6.84423
87000   7.00521
88000   7.04342
89000   7.29915
90000   7.69416
91000   7.89127
92000   7.75718
93000   7.4328
94000   7.24204
95000   7.2071
96000   7.19878
97000   7.12593
98000   7.20647
99000   7.29139
100000   7.47286
101000   7.72153
102000   7.79986
103000   7.71505
104000   7.46486
105000   7.21828
106000   7.13371
107000   7.05792
108000   6.98503
109000   7.20639
110000   7.47677
111000   7.61896
112000   7.68111
113000   7.62173
114000   7.60663
115000   7.50979
116000   7.46277
117000   7.49625
118000   7.45522
119000   7.4487
120000   7.52182
121000   7.84648
122000   8.0991
123000   8.06178
124000   7.87169
125000   7.65764
126000   7.75842
127000   7.91318
128000   7.91928
129000   7.85594
130000   7.70659
131000   7.47803
132000   7.217
133000   7.22823
134000   7.50545
135000   7.72752
136000   7.79779
137000   7.82152
138000   7.76417
139000   7.54717
140000   7.51815
141000   7.71804
142000   7.81844
143000   7.67702
144000   7.46516
145000   7.45372
146000   7.5947
147000   7.50643
148000   7.41018
149000   7.37508
150000   7.22711
151000   6.91035
152000   6.82017
153000   6.89256
154000   7.07661
155000   7.13247
156000   7.04058
157000   7.05458
158000   7.05659
159000   6.9696
160000   7.2674
161000   7.59233
162000   7.70219
163000   7.79113
164000   7.88949
165000   7.91379
166000   7.82257
167000   7.79685
168000   7.92651
169000   8.30595
170000   8.76906
171000   8.73809
172000   8.40032
173000   8.02182
174000   7.85309
175000   8.01122
176000   8.00372
177000   7.91281
178000   7.85417
179000   7.93774
180000   7.97213
181000   7.90834
182000   7.92939
183000   7.83956
184000   7.73403
185000   7.74463
186000   7.89827
187000   8.16336
188000   8.47609
189000   8.81747
190000   8.88292
191000   8.9786
192000   9.15815
193000   9.23098
194000   9.15052
195000   9.04653
196000   9.0452
197000   9.40807
198000   9.87571
199000   10.2056
200000   10.3133
201000   10.3335
202000   10.4091
203000   10.1686
204000   9.8769
205000   9.66788
206000   9.4424
207000   9.3723
208000   9.56066
209000   9.66398
210000   9.60831
211000   9.45926
212000   9.45266
213000   9.51527
214000   9.55236
215000   9.68459
216000   9.74414
217000   9.66853
218000   9.5865
219000   9.47409
220000   9.32495
