dx = 0.269981 dy = 0.269981 dt = 0.002
=======================================================
0   9.3246
1000   9.11462
2000   8.75256
3000   8.32633
4000   8.21314
5000   8.2974
6000   8.21215
7000   8.23931
8000   8.31248
9000   8.1139
10000   8.09657
11000   8.03173
12000   7.89736
13000   7.58872
14000   7.4649
15000   7.55225
16000   7.70122
17000   7.81222
18000   7.82391
19000   7.81869
20000   7.72287
21000   7.59705
22000   7.51214
23000   7.52617
24000   7.48113
25000   7.27502
26000   7.02612
27000   6.82725
28000   6.49895
29000   6.18508
30000   5.99044
31000   5.88049
32000   5.8886
33000   5.99439
34000   6.01738
35000   6.04221
36000   5.90319
37000   5.7539
38000   5.79706
39000   5.72764
40000   5.65664
41000   5.77445
42000   5.94838
43000   5.88017
44000   5.61027
45000   5.38581
46000   5.2758
47000   5.06484
48000   4.83986
49000   4.88048
50000   5.13824
51000   5.28267
52000   5.20008
53000   5.30258
54000   5.42485
55000   5.65647
56000   5.74841
57000   5.61232
58000   5.4741
59000   5.56694
60000   5.81816
61000   5.9827
62000   6.01389
63000   6.07203
64000   6.18825
65000   6.3376
66000   6.41243
67000   6.30084
68000   6.07526
69000   5.86702
70000   5.67219
71000   5.46887
72000   5.27168
73000   5.05996
74000   4.99131
75000   4.99456
76000   5.06645
77000   5.12177
78000   5.03774
79000   5.00912
80000   5.27142
81000   5.41291
82000   5.24352
83000   5.16843
84000   5.21925
85000   5.1232
86000   5.1099
87000   5.04853
88000   5.11466
89000   5.2858
90000   5.30674
91000   5.18043
92000   5.20204
93000   5.37344
94000   5.42749
95000   5.16272
96000   4.78301
97000   4.77111
98000   4.95473
99000   4.79314
100000   4.61232
101000   4.69158
102000   4.91975
103000   5.02704
104000   5.04108
105000   5.08032
106000   4.9769
107000   4.83328
108000   4.83604
109000   4.95495
110000   4.96182
111000   4.97873
112000   4.82838
113000   4.58374
114000   4.4463
115000   4.35892
116000   4.3092
117000   4.29603
118000   4.27055
119000   4.44859
120000   4.64268
121000   4.72426
122000   4.90188
123000   4.9615
124000   4.95115
125000   4.78152
126000   4.54357
127000   4.41726
